PKU OJ:
1006 1008 1014 1015 1029 1031 1036 1037 1050 1065 1077 1088 1095 1118 1131 1144 1145 1151
1158 1161 1164 1177 1182 1226 1228 1263 1269 1275 1279 1329 1375 1389 1410 1422 1474 1475
1486 1509 1519 1548 1611 1631 1635 1656 1661 1664 1679 1681 1696 1716 1737 1751 1752 
1873 1915 1970 1971 1972 1974 1975 1976 1981 1986 1995 2007 2051 2060 2065 2074 2075 2104
2121 2141 2154 2155 2166 2226 2231 2243 2280 2284 2286 2288 2318 2371 2387 2398 2413 2421
2446 2449 2451 2540 2545 2587 2588 2589 2590 2593 2606 2653 2656 2679 2688 2714 2728 2740
2749 2751 2756 2761 2762 2774 2780 2784 2785 2888 2908 2914 2986 2987 3013 3014 3067 3130
3148 3159 3169 3177 3216 3250 3256 3277 3313 3314 3315 3322 3335 3347 3348 3384 3392 3407
3450 3461 3468 3525 3526 3528 3580 3589 3590 3592 3605 3608 3635 3636 3648 3658 3667 3675
3678 3683 3687 3699 3702 3713 3735 3739 3743 3801 3984

ZJU OJ:
1013 1022 1025 1027 1074 1076 1093 1094 1100 1107 1108 1136 1149 1183 1196 1200 1206 1227
1234 1245 1249 1250 1276 1303 1346 1353 1366 1368 1387 1424 1425 1428 1446 1448 1449 1454
1459 1462 1463 1470 1474 1475 1483 1484 1490 1499 1503 1512 1515 1520 1524 1539 1540 1554
1563 1567 1579 1602 1607 1611 1629 1638 1642 1651 1666 1695 1713 1717 1731 1733 1736 1738
1743 1756 1757 1787 1792 1800 1819 1853 1864 1877 1880 1893 1913 1918 1925 1953 1985 1986
1988 1991 1995 2002 2014 2025 2042 2058 2059 2067 2068 2069 2081 2096 2127 2136 2142 2144
2156 2180 2189 2202 2206 2213 2224 2227 2242 2244 2254 2255 2264 2271 2278 2280 2281 2283
2284 2297 2319 2337 2338 2341 2349 2353 2354 2366 2372 2374 2397 2401 2402 2414 2422 2424
2432 2498 2501 2521 2522 2527 2536 2547 2561 2563 2565 2568 2581 2591 2598 2604 2621 2624
2625 2626 2641 2642 2667 2673 2683 2685 2692 2702 2710 2711 2734 2739 2744 2745
